4312.89363401
4369.91509401
4482.99915401
4630.06756401
4793.13089401
4906.21495401
5043.27386401
5171.36882401
5318.43723401
5449.47772401
5578.52031401
5706.57889401
5821.60583401
6007.68514401
6110.69433401
6209.76274401
6338.80533401
6451.88939401
6538.92142401
6667.01638401
6738.05349401
6901.11682401
7016.14376401
7147.18425401
7278.22474401
7434.32585401
7562.42081401
7691.46340401
7847.56451401
7961.60744401
8074.69150401
8145.72861401
8258.81267401
8405.88108401
8462.90254401
8565.91173401
8622.93319401
8725.94238401
8828.95157401
8942.03563401
9071.07822401
9168.13098401
9267.19939401
9381.24232401
9452.27943401
9565.36349401
9662.41625401
9825.47958401
9954.52217401
10082.580754
10197.607694
10284.639724
10385.687404
10500.714344
10599.782754
10762.846084
10819.867544
10918.935954
11005.967984
11153.036394
11266.120454
11395.163044
11498.172234
11595.224994
11723.283574
11837.326504
11951.369434
12064.453494
12195.493984
12282.526014
12410.584594
12511.632274
12642.672764
12770.767724
12898.826304
12985.858334
13132.926744
13189.948204
13346.049314
13474.107894
13602.166474
13730.261434
13858.356394
13929.393504
14043.436434
14146.445624
14302.546734
14416.589664
14519.598854
14675.699964
14778.709154
14891.793214
15004.877274
15167.940604
15281.983534
15395.067594
15452.089054
15551.157464
15665.200394
15766.248074
15897.288564
