980
870 925
357 253
404 708
8 18
586 53
122 580
34 45
690 385
96 2
157 159
29 3
312 515
235 223
167 699
273 97
507 736
54 205
958 599
245 244
342 843
702 273
117 806
148 202
387 716
324 947
74 337
208 935
662 304
853 453
738 272
13 302
291 309
490 920
177 185
188 113
21 17
524 292
149 115
1 267
111 274
297 363
526 836
977 816
235 511
218 341
190 253
264 18
296 177
268 361
831 73
562 158
126 94
214 727
851 541
187 255
105 670
848 618
695 601
420 594
100 748
581 260
684 603
912 809
356 20
826 897
513 153
63 146
960 431
282 962
691 151
470 443
79 271
62 141
91 192
17 492
315 728
282 158
1 396
416 20
447 638
661 27
248 601
644 327
277 3
238 345
79 77
219 528
438 980
200 551
449 66
813 818
367 216
201 854
56 506
585 32
101 76
214 234
178 464
122 308
150 80
265 312
250 27
98 167
931 109
367 578
597 149
919 134
397 398
970 675
44 214
26 36
143 330
492 914
54 288
754 404
946 379
196 882
96 707
70 186
319 268
244 517
521 105
972 325
58 354
190 186
404 312
579 75
647 468
651 759
233 219
140 127
148 15
18 40
641 271
194 505
164 300
138 131
333 21
208 207
125 764
413 384
790 447
883 509
422 380
74 260
44 244
774 355
584 330
428 453
77 130
52 856
546 550
441 967
147 92
19 794
801 263
706 513
420 401
45 46
465 328
881 800
917 974
371 74
453 489
611 569
518 119
939 32
370 178
434 508
266 230
966 65
896 415
592 72
451 460
606 279
489 865
230 84
76 155
26 8
194 30
481 631
411 32
964 215
221 602
114 83
703 501
19 22
116 64
136 323
273 301
598 740
503 629
215 664
653 539
249 232
681 495
447 125
409 688
706 979
411 623
76 145
209 39
15 30
99 362
176 258
388 171
199 38
657 14
644 834
309 459
933 827
36 349
200 213
203 473
172 16
141 142
182 733
228 22
968 927
15 226
866 369
206 455
257 115
270 48
724 138
655 824
91 110
860 754
209 791
251 676
640 176
66 38
462 283
33 71
372 312
233 278
366 450
49 469
600 338
519 614
204 336
803 813
546 637
225 633
56 55
59 131
322 429
200 588
92 231
19 236
403 533
815 408
46 98
306 634
335 188
405 33
907 220
770 331
663 752
12 54
941 167
884 798
253 687
472 259
439 333
53 86
34 39
401 398
381 763
340 209
876 698
148 408
187 544
189 218
215 205
4 195
50 80
389 223
417 140
587 50
313 374
173 926
270 636
302 554
85 58
389 659
128 500
47 574
8 35
277 434
522 90
425 654
55 107
5 9
460 921
583 581
166 12
43 355
212 850
286 66
75 127
74 4
64 899
495 337
44 65
123 755
771 281
302 890
353 692
58 111
753 178
12 19
390 316
120 56
196 26
704 638
25 276
749 863
125 11
623 807
312 694
168 855
162 525
191 922
781 114
14 38
854 963
269 380
393 128
785 325
251 140
304 366
479 404
251 682
523 710
526 354
481 389
103 757
169 16
23 22
28 975
167 384
35 144
482 189
94 352
163 487
669 440
161 53
621 312
264 743
358 275
326 364
719 575
56 765
905 338
835 208
275 376
281 750
503 264
976 326
610 201
170 42
197 63
370 737
395 353
48 137
207 13
911 432
940 350
400 409
804 312
668 242
180 124
427 223
655 179
437 615
78 157
102 714
331 170
906 418
326 749
254 660
15 3
959 639
292 184
645 711
867 532
7 1
205 391
152 10
327 277
16 406
433 713
718 792
759 873
880 545
284 135
368 30
159 603
164 237
435 23
474 486
34 971
47 88
16 156
8 275
247 558
303 844
217 168
220 55
754 886
738 877
605 955
17 106
519 938
441 166
572 116
272 92
652 538
826 183
294 328
219 315
117 96
32 31
177 344
63 782
289 894
511 908
2 105
306 342
502 369
21 50
625 346
507 269
624 857
729 419
292 497
278 326
523 677
544 617
410 372
476 138
556 387
617 756
870 746
858 30
697 333
119 8
510 798
819 791
789 399
234 285
249 346
454 174
825 163
7 57
731 666
143 28
102 29
978 447
820 797
88 446
440 79
52 6
405 761
314 334
569 558
522 673
100 79
640 674
290 595
123 116
498 46
72 77
546 493
969 257
485 52
221 772
39 259
616 528
477 399
767 241
222 225
816 108
692 954
271 351
480 557
809 764
66 624
217 608
175 299
72 280
289 11
797 152
33 310
206 97
667 397
478 563
15 229
224 102
539 62
223 321
104 701
355 463
456 648
718 102
309 780
868 725
140 382
193 777
895 162
387 775
693 395
680 235
413 842
103 242
177 46
741 837
375 336
98 222
52 293
577 128
235 805
39 658
142 262
89 11
560 144
148 269
273 570
948 590
3 514
71 223
142 210
171 151
329 100
11 48
66 622
415 451
433 424
86 571
43 115
666 460
509 95
398 965
238 86
709 252
324 726
212 61
66 283
387 705
626 422
187 181
10 24
282 297
218 496
124 112
692 821
475 176
262 491
336 532
88 162
53 3
178 200
878 647
58 59
9 28
440 745
827 131
874 98
915 252
431 46
193 50
35 555
67 42
27 135
13 14
248 902
130 139
246 604
5 109
208 852
313 732
582 153
189 478
811 799
720 24
38 118
542 773
943 778
723 48
715 528
18 651
385 376
391 950
900 476
301 746
788 24
20 10
510 352
60 35
1 25
945 650
701 930
44 62
828 669
166 403
146 423
259 961
108 81
163 942
677 679
384 418
5 3
108 129
85 311
861 741
193 466
21 175
656 455
237 632
953 656
172 712
64 15
742 247
165 332
566 488
246 173
6 599
454 892
243 58
52 527
875 429
178 48
364 387
642 381
104 33
76 9
51 46
232 151
41 32
145 265
456 535
305 314
869 528
776 723
284 444
58 3
65 287
236 261
889 520
9 596
191 94
106 298
529 66
467 333
182 160
19 33
257 758
281 191
89 181
139 607
859 348
17 247
61 14
716 730
54 122
268 339
512 552
359 10
317 93
696 574
271 549
348 54
16 814
516 79
381 35
37 303
133 649
76 501
663 486
553 808
2 1
22 92
23 338
2 31
108 295
840 316
41 221
49 3
916 471
198 520
808 829
136 82
541 11
239 457
2 82
45 645
504 13
901 737
523 126
235 484
672 361
203 23
198 183
6 1
234 320
4 37
499 135
317 904
181 536
23 174
134 96
952 380
613 295
189 30
545 249
63 787
518 722
402 86
393 519
432 307
841 229
459 488
542 518
240 414
794 832
274 426
4 11
144 512
18 68
3 10
34 957
39 291
561 557
893 518
956 426
252 630
63 445
176 57
833 779
932 864
399 238
16 211
179 248
793 62
94 318
317 567
9 34
78 93
164 10
97 160
612 158
576 541
721 381
34 113
5 530
419 290
392 90
760 531
802 488
949 527
265 665
47 6
766 185
99 121
686 49
538 277
56 87
847 806
216 140
313 172
377 314
927 869
53 84
133 34
676 700
838 469
32 951
347 36
909 848
443 430
153 126
812 776
458 119
324 230
92 128
783 194
229 437
83 29
665 769
304 17
106 461
325 839
698 888
823 447
872 20
159 316
54 55
960 973
365 152
40 179
240 198
320 373
559 77
304 468
492 553
644 779
158 127
14 94
219 68
339 493
139 537
187 698
745 891
620 165
619 202
795 339
441 605
412 147
934 812
208 903
78 34
762 936
394 8
618 431
73 52
678 563
400 2
4 353
246 290
90 99
590 440
75 21
683 546
360 178
2 650
57 81
89 379
90 72
490 72
845 592
261 643
131 294
343 53
325 207
180 474
43 13
810 388
263 237
279 174
735 8
739 476
35 184
224 593
944 889
698 778
54 548
155 350
425 36
183 173
3 12
132 26
13 4
796 7
917 1
5 8
97 428
460 717
910 439
725 321
494 268
42 7
734 14
383 151
928 442
254 219
368 675
252 238
63 671
201 2
397 436
918 430
333 864
799 507
18 44
929 473
386 438
16 14
635 128
51 72
148 849
58 386
609 596
45 689
136 871
370 762
71 239
565 396
442 37
401 421
456 169
95 51
913 107
803 708
21 27
291 307
430 64
58 69
173 471
591 333
305 104
195 937
211 256
38 885
268 306
488 747
355 415
627 121
622 879
923 11
16 17
830 689
485 822
485 898
786 151
540 105
112 40
862 797
589 13
216 639
492 751
226 322
448 245
163 483
268 181
3 2
744 322
227 221
846 460
685 394
397 307
75 173
61 543
103 407
328 564
480 413
59 63
104 163
176 547
817 66
800 316
573 290
233 598
59 531
534 924
9 91
165 89
70 62
424 389
313 534
103 87
